0	30	0	0	0
0	91	0	0	0
0	182	0	0	0
0	304	0	0	0
0	456	0	0	0
0	638	0	0	0
0	850	0	0	0
0	1093	0	0	0
0	1367	0	0	0
0	1670	0	0	0
0	2004	0	0	0
0	2368	0	0	0
0	2763	0	0	0
0	3187	0	0	0
0	3642	0	0	0
0	4127	0	0	0
0	4642	0	0	0
0	5188	0	0	0
0	5763	0	0	0
0	6369	0	0	0
0	7004	0	0	0
0	7670	0	0	0
0	8365	0	0	0
0	9090	0	0	0
0	9845	0	0	0
0	10631	0	0	0
0	11446	0	0	0
0	12290	0	0	0
0	13165	0	0	0
0	14069	0	0	0
0	15002	0	0	0
0	15966	0	0	0
0	16959	0	0	0
0	17981	0	0	0
0	19033	0	0	0
0	20115	0	0	0
0	21226	0	0	0
0	22367	0	0	0
0	23538	0	0	0
0	24738	0	0	0
0	25968	0	0	0
0	27228	0	0	0
0	28517	0	0	0
0	29836	0	0	0
0	31186	0	0	0
0	32565	0	0	0
0	33975	0	0	0
0	35414	0	0	0
0	36885	0	0	0
0	38385	0	0	0
0	39916	0	0	0
0	41477	0	0	0
0	43069	0	0	0
0	44691	0	0	0
0	46344	0	0	0
0	48028	0	0	0
0	49742	0	0	0
0	51488	0	0	0
0	53263	0	0	0
0	55069	0	0	0
0	56906	0	0	0
0	58774	0	0	0
0	60673	0	0	0
0	62602	0	0	0
0	64562	0	0	0
0	66553	0	0	0
0	68575	0	0	0
0	70627	0	0	0
0	72710	0	0	0
0	74824	0	0	0
0	76969	0	0	0
0	79144	0	0	0
0	81351	0	0	0
0	83588	0	0	0
0	85856	0	0	0
0	88154	0	0	0
0	90484	0	0	0
0	92844	0	0	0
0	95234	0	0	0
0	97656	0	0	0
0	100108	0	0	0
0	102591	0	0	0
0	105104	0	0	0
0	107648	0	0	0
0	110223	0	0	0
0	112829	0	0	0
0	115465	0	0	0
0	118131	0	0	0
0	120829	0	0	0
0	123556	0	0	0
0	126315	0	0	0
0	129104	0	0	0
0	131924	0	0	0
0	134774	0	0	0
0	137655	0	0	0
0	140567	0	0	0
0	143509	0	0	0
0	146482	0	0	0
0	149485	0	0	0
0	152519	0	0	0
0	155583	0	0	0
0	158678	0	0	0
0	161803	0	0	0
0	164959	0	0	0
0	168146	0	0	0
0	171363	0	0	0
0	174610	0	0	0
0	177888	0	0	0
0	181197	0	0	0
0	184536	0	0	0
0	187906	0	0	0
0	191306	0	0	0
0	194737	0	0	0
0	198198	0	0	0
0	201690	0	0	0
0	205212	0	0	0
0	208765	0	0	0
0	212348	0	0	0
0	215962	0	0	0
0	219606	0	0	0
0	223281	0	0	0
0	226986	0	0	0
0	230722	0	0	0
0	234489	0	0	0
0	238285	0	0	0
0	242113	0	0	0
0	245971	0	0	0
0	249859	0	0	0
0	253778	0	0	0
0	257728	0	0	0
0	261708	0	0	0
0	265718	0	0	0
0	269759	0	0	0
0	273831	0	0	0
0	277933	0	0	0
0	282066	0	0	0
0	286229	0	0	0
0	290422	0	0	0
0	294646	0	0	0
0	298901	0	0	0
0	303186	0	0	0
0	307502	0	0	0
0	311849	0	0	0
0	316225	0	0	0
0	320633	0	0	0
0	325070	0	0	0
0	329539	0	0	0
0	334038	0	0	0
0	338567	0	0	0
0	343127	0	0	0
0	347717	0	0	0
0	352338	0	0	0
0	356989	0	0	0
0	361671	0	0	0
0	366384	0	0	0
0	371127	0	0	0
0	375900	0	0	0
0	380704	0	0	0
0	385539	0	0	0
0	390404	0	0	0
0	395300	0	0	0
0	400226	0	0	0
0	405183	0	0	0
0	410171	0	0	0
0	415189	0	0	0
0	420238	0	0	0
0	425318	0	0	0
0	430429	0	0	0
0	435570	0	0	0
0	440741	0	0	0
0	445944	0	0	0
0	451178	0	0	0
0	456442	0	0	0
0	461737	0	0	0
0	467063	0	0	0
0	472420	0	0	0
0	477808	0	0	0
0	483226	0	0	0
0	488675	0	0	0
0	494155	0	0	0
0	499665	0	0	0
0	505206	0	0	0
0	510778	0	0	0
0	516380	0	0	0
0	522013	0	0	0
0	527676	0	0	0
0	533369	0	0	0
0	539094	0	0	0
0	544848	0	0	0
0	550633	0	0	0
0	556449	0	0	0
0	562295	0	0	0
0	568172	0	0	0
0	574079	0	0	0
0	580016	0	0	0
0	585985	0	0	0
0	591983	0	0	0
0	598012	0	0	0
0	604071	0	0	0
0	610161	0	0	0
0	616281	0	0	0
0	622432	0	0	0
0	628613	0	0	0
0	634824	0	0	0
0	641066	0	0	0
0	647338	0	0	0
0	653641	0	0	0
0	659974	0	0	0
0	666338	0	0	0
0	672732	0	0	0
0	679156	0	0	0
0	685611	0	0	0
0	692096	0	0	0
0	698612	0	0	0
0	705158	0	0	0
0	711734	0	0	0
0	718339	0	0	0
0	724975	0	0	0
0	731641	0	0	0
0	738335	0	0	0
0	745060	0	0	0
0	751815	0	0	0
0	758602	0	0	0
0	765420	0	0	0
0	772271	0	0	0
0	779154	0	0	0
0	786071	0	0	0
0	793022	0	0	0
0	800008	0	0	0
0	807028	0	0	0
0	814081	0	0	0
0	821165	0	0	0
0	828279	0	0	0
0	835422	0	0	0
0	842595	0	0	0
0	849798	0	0	0
0	857031	0	0	0
0	864294	0	0	0
0	871587	0	0	0
0	878911	0	0	0
0	886264	0	0	0
0	893648	0	0	0
0	901062	0	0	0
0	908506	0	0	0
0	915980	0	0	0
0	923484	0	0	0
0	931019	0	0	0
0	938583	0	0	0
0	946178	0	0	0
0	953804	0	0	0
0	961459	0	0	0
0	969144	0	0	0
0	976860	0	0	0
0	984605	0	0	0
0	992381	0	0	0
0	1000188	0	0	0
0	1008024	0	0	0
0	1015890	0	0	0
0	1023787	0	0	0
0	1031714	0	0	0
0	1039671	0	0	0
0	1047658	0	0	0
0	1055676	0	0	0
0	1063723	0	0	0
0	1071801	0	0	0
0	1079909	0	0	0
0	1088048	0	0	0
0	1096216	0	0	0
0	1104415	0	0	0
0	1112644	0	0	0
0	1120903	0	0	0
0	1129192	0	0	0
0	1137512	0	0	0
0	1145862	0	0	0
0	1154243	0	0	0
0	1162653	0	0	0
0	1171094	0	0	0
0	1179565	0	0	0
0	1188066	0	0	0
0	1196598	0	0	0
0	1205159	0	0	0
0	1213751	0	0	0
0	1222372	0	0	0
0	1231024	0	0	0
0	1239706	0	0	0
0	1248418	0	0	0
0	1257161	0	0	0
0	1265933	0	0	0
0	1274736	0	0	0
0	1283568	0	0	0
0	1292431	0	0	0
0	1301324	0	0	0
0	1310247	0	0	0
0	1319201	0	0	0
0	1328184	0	0	0
0	1337197	0	0	0
0	1346241	0	0	0
0	1355315	0	0	0
0	1364419	0	0	0
0	1373552	0	0	0
0	1382716	0	0	0
0	1391910	0	0	0
0	1401134	0	0	0
0	1410388	0	0	0
0	1419672	0	0	0
0	1428986	0	0	0
0	1438329	0	0	0
0	1447702	0	0	0
0	1457106	0	0	0
0	1466538	0	0	0
0	1476001	0	0	0
0	1485493	0	0	0
0	1495014	0	0	0
0	1504566	0	0	0
0	1514146	0	0	0
0	1523757	0	0	0
0	1533396	0	0	0
0	1543066	0	0	0
0	1552764	0	0	0
0	1562492	0	0	0
0	1572250	0	0	0
0	1582037	0	0	0
0	1591853	0	0	0
0	1601698	0	0	0
0	1611573	0	0	0
0	1621478	0	0	0
0	1631412	0	0	0
0	1641376	0	0	0
0	1651369	0	0	0
0	1661392	0	0	0
0	1671444	0	0	0
0	1681526	0	0	0
0	1691638	0	0	0
0	1701779	0	0	0
0	1711950	0	0	0
0	1722151	0	0	0
0	1732381	0	0	0
0	1742642	0	0	0
0	1752933	0	0	0
0	1763254	0	0	0
0	1773605	0	0	0
0	1783986	0	0	0
0	1794397	0	0	0
0	1804839	0	0	0
0	1815311	0	0	0
0	1825814	0	0	0
0	1836347	0	0	0
0	1846911	0	0	0
0	1857505	0	0	0
0	1868129	0	0	0
0	1878785	0	0	0
0	1889470	0	0	0
0	1900186	0	0	0
0	1910933	0	0	0
0	1921710	0	0	0
0	1932517	0	0	0
0	1943355	0	0	0
0	1954224	0	0	0
0	1965123	0	0	0
0	1976053	0	0	0
0	1987013	0	0	0
0	1998004	0	0	0
0	2009025	0	0	0
0	2020077	0	0	0
0	2031159	0	0	0
0	2042272	0	0	0
0	2053415	0	0	0
0	2064589	0	0	0
0	2075793	0	0	0
0	2087028	0	0	0
0	2098293	0	0	0
0	2109589	0	0	0
0	2120915	0	0	0
0	2132271	0	0	0
0	2143658	0	0	0
0	2155076	0	0	0
0	2166524	0	0	0
0	2178002	0	0	0
0	2189510	0	0	0
0	2201049	0	0	0
0	2212618	0	0	0
0	2224217	0	0	0
0	2235847	0	0	0
0	2247507	0	0	0
0	2259197	0	0	0
0	2270918	0	0	0
0	2282669	0	0	0
0	2294451	0	0	0
0	2306263	0	0	0
0	2318105	0	0	0
0	2329977	0	0	0
0	2341880	0	0	0
0	2353813	0	0	0
0	2365777	0	0	0
0	2377771	0	0	0
0	2389795	0	0	0
0	2401849	0	0	0
0	2413934	0	0	0
0	2426049	0	0	0
0	2438195	0	0	0
0	2450370	0	0	0
0	2462576	0	0	0
0	2474813	0	0	0
0	2487080	0	0	0
0	2499377	0	0	0
0	2511704	0	0	0
0	2524062	0	0	0
0	2536450	0	0	0
0	2548869	0	0	0
0	2561318	0	0	0
0	2573797	0	0	0
0	2586307	0	0	0
0	2598847	0	0	0
0	2611417	0	0	0
0	2624018	0	0	0
0	2636648	0	0	0
0	2649310	0	0	0
0	2662001	0	0	0
0	2674723	0	0	0
0	2687475	0	0	0
0	2700258	0	0	0
0	2713071	0	0	0
0	2725915	0	0	0
0	2738788	0	0	0
0	2751692	0	0	0
0	2764627	0	0	0
0	2777592	0	0	0
0	2790587	0	0	0
0	2803613	0	0	0
0	2816669	0	0	0
0	2829755	0	0	0
0	2842871	0	0	0
0	2856018	0	0	0
0	2869196	0	0	0
0	2882403	0	0	0
0	2895641	0	0	0
0	2908910	0	0	0
0	2922208	0	0	0
0	2935537	0	0	0
0	2948896	0	0	0
0	2962286	0	0	0
0	2975706	0	0	0
0	2989157	0	0	0
0	3002637	0	0	0
0	3016149	0	0	0
0	3029691	0	0	0
0	3043263	0	0	0
0	3056867	0	0	0
0	3070500	0	0	0
0	3084164	0	0	0
0	3097859	0	0	0
0	3111585	0	0	0
0	3125340	0	0	0
0	3139127	0	0	0
0	3152944	0	0	0
0	3166792	0	0	0
0	3180670	0	0	0
0	3194580	0	0	0
0	3208519	0	0	0
0	3222490	0	0	0
0	3236491	0	0	0
0	3250523	0	0	0
0	3264585	0	0	0
0	3278678	0	0	0
0	3292801	0	0	0
0	3306956	0	0	0
0	3321140	0	0	0
0	3335355	0	0	0
0	3349600	0	0	0
0	3363876	0	0	0
0	3378183	0	0	0
0	3392520	0	0	0
0	3406887	0	0	0
0	3421285	0	0	0
0	3435713	0	0	0
0	3450172	0	0	0
0	3464661	0	0	0
0	3479180	0	0	0
0	3493730	0	0	0
0	3508310	0	0	0
0	3522921	0	0	0
0	3537562	0	0	0
0	3552234	0	0	0
0	3566936	0	0	0
0	3581668	0	0	0
0	3596431	0	0	0
0	3611224	0	0	0
0	3626048	0	0	0
0	3640902	0	0	0
0	3655786	0	0	0
0	3670701	0	0	0
0	3685647	0	0	0
0	3700622	0	0	0
0	3715629	0	0	0
0	3730666	0	0	0
0	3745733	0	0	0
0	3760831	0	0	0
0	3775958	0	0	0
0	3791116	0	0	0
